0          .1            .5           1.0           2.0           3.0           4.0           5.0           6.0           7.0           8.0           9.0          10.0          15.0          20.0          25.0          30.0          35.0          40.0          45.0          50.0          60.0          70.0          80.0          90.0         100.0         110.0         120.0         130.0         140.0         150.0         160.0         170.0         180.0	0
     .3000E+05     .1222E-13     .1081E-13     .7618E-14     .2814E-14     .1098E-14     .5089E-15     .2705E-15     .1585E-15     .9982E-16     .6663E-16     .4641E-16     .3354E-16     .9608E-17     .3893E-17     .1906E-17     .1051E-17     .6333E-18     .4092E-18     .2796E-18     .2006E-18     .1168E-18     .7698E-19     .5598E-19     .4414E-19     .3718E-19     .3301E-19     .3048E-19     .2875E-19     .2789E-19     .2745E-19     .2717E-19     .2699E-19     .2860E-19           .5055E-16
     .2900E+05     .1212E-13     .1076E-13     .7654E-14     .2875E-14     .1130E-14     .5247E-15     .2793E-15     .1639E-15     .1033E-15     .6889E-16     .4802E-16     .3483E-16     .9992E-17     .4069E-17     .1995E-17     .1103E-17     .6669E-18     .4308E-18     .2953E-18     .2119E-18     .1228E-18     .8088E-19     .5889E-19     .4648E-19     .3922E-19     .3495E-19     .3239E-19     .3073E-19     .2999E-19     .2950E-19     .2921E-19     .2908E-19     .2859E-19           .5163E-16
     .2800E+05     .1201E-13     .1070E-13     .7686E-14     .2941E-14     .1164E-14     .5417E-15     .2885E-15     .1695E-15     .1069E-15     .7141E-16     .4982E-16     .3607E-16     .1041E-16     .4256E-17     .2091E-17     .1158E-17     .7003E-18     .4533E-18     .3102E-18     .2225E-18     .1291E-18     .8512E-19     .6194E-19     .4913E-19     .4162E-19     .3697E-19     .3437E-19     .3303E-19     .3208E-19     .3176E-19     .3158E-19     .3137E-19     .3148E-19           .5277E-16
     .2700E+05     .1188E-13     .1063E-13     .7705E-14     .3006E-14     .1199E-14     .5596E-15     .2984E-15     .1755E-15     .1108E-15     .7405E-16     .5164E-16     .3747E-16     .1084E-16     .4451E-17     .2195E-17     .1219E-17     .7384E-18     .4782E-18     .3276E-18     .2353E-18     .1364E-18     .8971E-19     .6524E-19     .5177E-19     .4386E-19     .3943E-19     .3682E-19     .3543E-19     .3464E-19     .3425E-19     .3401E-19     .3406E-19     .3430E-19           .5393E-16
     .2600E+05     .1177E-13     .1056E-13     .7726E-14     .3076E-14     .1237E-14     .5789E-15     .3091E-15     .1819E-15     .1150E-15     .7681E-16     .5368E-16     .3898E-16     .1130E-16     .4661E-17     .2307E-17     .1285E-17     .7800E-18     .5058E-18     .3466E-18     .2490E-18     .1440E-18     .9482E-19     .6904E-19     .5476E-19     .4666E-19     .4207E-19     .3958E-19     .3813E-19     .3753E-19     .3709E-19     .3709E-19     .3701E-19     .3704E-19           .5520E-16
     .2500E+05     .1166E-13     .1050E-13     .7754E-14     .3149E-14     .1277E-14     .5995E-15     .3205E-15     .1888E-15     .1195E-15     .7993E-16     .5580E-16     .4052E-16     .1182E-16     .4884E-17     .2428E-17     .1357E-17     .8255E-18     .5364E-18     .3679E-18     .2642E-18     .1528E-18     .1003E-18     .7308E-19     .5796E-19     .4949E-19     .4485E-19     .4233E-19     .4102E-19     .4061E-19     .4037E-19     .4035E-19     .4040E-19     .4062E-19           .5656E-16
     .2400E+05     .1155E-13     .1043E-13     .7774E-14     .3225E-14     .1320E-14     .6217E-15     .3325E-15     .1961E-15     .1242E-15     .8316E-16     .5810E-16     .4226E-16     .1235E-16     .5130E-17     .2559E-17     .1436E-17     .8753E-18     .5702E-18     .3911E-18     .2814E-18     .1624E-18     .1064E-18     .7735E-19     .6165E-19     .5267E-19     .4815E-19     .4544E-19     .4435E-19     .4411E-19     .4412E-19     .4418E-19     .4421E-19     .4460E-19           .5799E-16
     .2300E+05     .1142E-13     .1035E-13     .7786E-14     .3304E-14     .1366E-14     .6455E-15     .3458E-15     .2041E-15     .1294E-15     .8659E-16     .6062E-16     .4412E-16     .1290E-16     .5388E-17     .2702E-17     .1521E-17     .9312E-18     .6078E-18     .4178E-18     .2999E-18     .1730E-18     .1132E-18     .8240E-19     .6566E-19     .5646E-19     .5154E-19     .4910E-19     .4815E-19     .4803E-19     .4825E-19     .4854E-19     .4863E-19     .4910E-19           .5951E-16
     .2200E+05     .1133E-13     .1030E-13     .7817E-14     .3389E-14     .1417E-14     .6718E-15     .3604E-15     .2129E-15     .1351E-15     .9055E-16     .6344E-16     .4608E-16     .1353E-16     .5665E-17     .2857E-17     .1616E-17     .9907E-18     .6470E-18     .4451E-18     .3200E-18     .1849E-18     .1206E-18     .8765E-19     .6973E-19     .6033E-19     .5510E-19     .5319E-19     .5252E-19     .5265E-19     .5301E-19     .5356E-19     .5397E-19     .5349E-19           .6122E-16
     .2100E+05     .1122E-13     .1023E-13     .7835E-14     .3469E-14     .1469E-14     .6994E-15     .3755E-15     .2222E-15     .1410E-15     .9448E-16     .6634E-16     .4820E-16     .1419E-16     .5975E-17     .3026E-17     .1716E-17     .1058E-17     .6947E-18     .4772E-18     .3437E-18     .1980E-18     .1289E-18     .9381E-19     .7460E-19     .6445E-19     .5969E-19     .5789E-19     .5747E-19     .5783E-19     .5850E-19     .5935E-19     .5992E-19     .5938E-19           .6294E-16
     .2000E+05     .1108E-13     .1014E-13     .7839E-14     .3551E-14     .1525E-14     .7281E-15     .3929E-15     .2323E-15     .1477E-15     .9906E-16     .6952E-16     .5043E-16     .1493E-16     .6320E-17     .3212E-17     .1831E-17     .1132E-17     .7435E-18     .5131E-18     .3694E-18     .2129E-18     .1386E-18     .1003E-18     .8018E-19     .6943E-19     .6479E-19     .6297E-19     .6300E-19     .6388E-19     .6499E-19     .6601E-19     .6682E-19     .6599E-19           .6477E-16
     .1900E+05     .1097E-13     .1008E-13     .7868E-14     .3644E-14     .1590E-14     .7611E-15     .4108E-15     .2435E-15     .1549E-15     .1040E-15     .7302E-16     .5309E-16     .1575E-16     .6679E-17     .3415E-17     .1956E-17     .1213E-17     .8006E-18     .5538E-18     .3987E-18     .2298E-18     .1493E-18     .1076E-18     .8574E-19     .7510E-19     .7006E-19     .6889E-19     .6941E-19     .7091E-19     .7261E-19     .7399E-19     .7474E-19     .7736E-19           .6688E-16
     .1800E+05     .1085E-13     .9998E-14     .7884E-14     .3735E-14     .1655E-14     .7990E-15     .4314E-15     .2559E-15     .1628E-15     .1094E-15     .7689E-16     .5590E-16     .1661E-16     .7079E-17     .3639E-17     .2094E-17     .1305E-17     .8630E-18     .5983E-18     .4330E-18     .2493E-18     .1615E-18     .1160E-18     .9263E-19     .8109E-19     .7624E-19     .7551E-19     .7687E-19     .7903E-19     .8154E-19     .8342E-19     .8485E-19     .8397E-19           .6911E-16
     .1700E+05     .1071E-13     .9910E-14     .7897E-14     .3835E-14     .1724E-14     .8380E-15     .4541E-15     .2695E-15     .1716E-15     .1155E-15     .8106E-16     .5905E-16     .1758E-16     .7523E-17     .3886E-17     .2250E-17     .1408E-17     .9350E-18     .6512E-18     .4708E-18     .2717E-18     .1754E-18     .1255E-18     .9989E-19     .8762E-19     .8322E-19     .8316E-19     .8548E-19     .8871E-19     .9199E-19     .9493E-19     .9678E-19     .9825E-19           .7153E-16
     .1600E+05     .1054E-13     .9794E-14     .7896E-14     .3941E-14     .1800E-14     .8810E-15     .4790E-15     .2847E-15     .1813E-15     .1222E-15     .8589E-16     .6264E-16     .1865E-16     .8020E-17     .4159E-17     .2419E-17     .1525E-17     .1015E-17     .7100E-18     .5145E-18     .2976E-18     .1916E-18     .1370E-18     .1085E-18     .9539E-19     .9122E-19     .9211E-19     .9569E-19     .1004E-18     .1048E-18     .1083E-18     .1109E-18     .1112E-18           .7418E-16
     .1500E+05     .1036E-13     .9669E-14     .7885E-14     .4052E-14     .1886E-14     .9298E-15     .5069E-15     .3015E-15     .1924E-15     .1297E-15     .9114E-16     .6651E-16     .1983E-16     .8567E-17     .4463E-17     .2611E-17     .1651E-17     .1110E-17     .7768E-18     .5664E-18     .3279E-18     .2109E-18     .1494E-18     .1185E-18     .1038E-18     .1002E-18     .1024E-18     .1079E-18     .1141E-18     .1202E-18     .1255E-18     .1290E-18     .1293E-18           .7709E-16
     .1400E+05     .1016E-13     .9523E-14     .7857E-14     .4159E-14     .1979E-14     .9845E-15     .5382E-15     .3206E-15     .2047E-15     .1381E-15     .9714E-16     .7088E-16     .2122E-16     .9165E-17     .4806E-17     .2826E-17     .1800E-17     .1213E-17     .8550E-18     .6256E-18     .3639E-18     .2334E-18     .1646E-18     .1295E-18     .1140E-18     .1106E-18     .1144E-18     .1221E-18     .1311E-18     .1398E-18     .1463E-18     .1503E-18     .1515E-18           .8028E-16
     .1300E+05     .9952E-14     .9366E-14     .7818E-14     .4269E-14     .2079E-14     .1046E-14     .5738E-15     .3424E-15     .2189E-15     .1477E-15     .1041E-15     .7595E-16     .2277E-16     .9863E-17     .5189E-17     .3067E-17     .1964E-17     .1335E-17     .9447E-18     .6940E-18     .4065E-18     .2610E-18     .1828E-18     .1425E-18     .1252E-18     .1225E-18     .1287E-18     .1396E-18     .1518E-18     .1636E-18     .1736E-18     .1789E-18     .1819E-18           .8383E-16
     .1200E+05     .9732E-14     .9199E-14     .7771E-14     .4384E-14     .2188E-14     .1115E-14     .6147E-15     .3673E-15     .2350E-15     .1587E-15     .1120E-15     .8170E-16     .2450E-16     .1066E-16     .5626E-17     .3345E-17     .2156E-17     .1472E-17     .1049E-17     .7754E-18     .4579E-18     .2939E-18     .2050E-18     .1578E-18     .1383E-18     .1362E-18     .1452E-18     .1605E-18     .1779E-18     .1940E-18     .2079E-18     .2164E-18     .2186E-18           .8781E-16
     .1100E+05     .9496E-14     .9014E-14     .7708E-14     .4499E-14     .2307E-14     .1194E-14     .6615E-15     .3962E-15     .2538E-15     .1715E-15     .1211E-15     .8846E-16     .2653E-16     .1156E-16     .6132E-17     .3661E-17     .2371E-17     .1628E-17     .1171E-17     .8713E-18     .5204E-18     .3354E-18     .2320E-18     .1769E-18     .1533E-18     .1520E-18     .1651E-18     .1862E-18     .2112E-18     .2341E-18     .2534E-18     .2656E-18     .2695E-18           .9230E-16
     .1000E+05     .9238E-14     .8807E-14     .7626E-14     .4614E-14     .2438E-14     .1284E-14     .7165E-15     .4304E-15     .2759E-15     .1867E-15     .1318E-15     .9645E-16     .2902E-16     .1265E-16     .6718E-17     .4026E-17     .2623E-17     .1813E-17     .1314E-17     .9852E-18     .5972E-18     .3876E-18     .2668E-18     .1998E-18     .1712E-18     .1700E-18     .1883E-18     .2188E-18     .2538E-18     .2875E-18     .3154E-18     .3331E-18     .3413E-18           .9747E-16
     .9000E+04     .8961E-14     .8579E-14     .7522E-14     .4724E-14     .2581E-14     .1388E-14     .7814E-15     .4708E-15     .3023E-15     .2047E-15     .1446E-15     .1059E-15     .3194E-16     .1392E-16     .7417E-17     .4463E-17     .2920E-17     .2032E-17     .1481E-17     .1121E-17     .6918E-18     .4548E-18     .3123E-18     .2299E-18     .1925E-18     .1907E-18     .2158E-18     .2589E-18     .3096E-18     .3595E-18     .4011E-18     .4290E-18     .4401E-18           .1034E-15
     .8000E+04     .8659E-14     .8327E-14     .7393E-14     .4828E-14     .2738E-14     .1509E-14     .8595E-15     .5201E-15     .3345E-15     .2267E-15     .1603E-15     .1175E-15     .3549E-16     .1549E-16     .8269E-17     .4984E-17     .3267E-17     .2285E-17     .1679E-17     .1282E-17     .8085E-18     .5422E-18     .3737E-18     .2702E-18     .2191E-18     .2141E-18     .2477E-18     .3088E-18     .3850E-18     .4615E-18     .5268E-18     .5701E-18     .5875E-18           .1104E-15
     .7000E+04     .8324E-14     .8039E-14     .7229E-14     .4919E-14     .2908E-14     .1651E-14     .9548E-15     .5813E-15     .3744E-15     .2539E-15     .1798E-15     .1319E-15     .4001E-16     .1748E-16     .9338E-17     .5637E-17     .3703E-17     .2592E-17     .1912E-17     .1472E-17     .9527E-18     .6569E-18     .4608E-18     .3281E-18     .2542E-18     .2401E-18     .2827E-18     .3712E-18     .4881E-18     .6106E-18     .7176E-18     .7900E-18     .8158E-18           .1188E-15
     .6000E+04     .7950E-14     .7711E-14     .7024E-14     .4988E-14     .3090E-14     .1816E-14     .1073E-14     .6591E-15     .4259E-15     .2890E-15     .2049E-15     .1503E-15     .4587E-16     .2006E-16     .1073E-16     .6478E-17     .4257E-17     .2979E-17     .2200E-17     .1700E-17     .1127E-17     .8075E-18     .5850E-18     .4172E-18     .3063E-18     .2699E-18     .3181E-18     .4460E-18     .6311E-18     .8380E-18     .1025E-17     .1155E-17     .1202E-17           .1292E-15
     .5000E+04     .7526E-14     .7332E-14     .6770E-14     .5028E-14     .3279E-14     .2013E-14     .1224E-14     .7623E-15     .4948E-15     .3361E-15     .2381E-15     .1749E-15     .5358E-16     .2353E-16     .1262E-16     .7636E-17     .5016E-17     .3498E-17     .2572E-17     .1982E-17     .1331E-17     .9981E-18     .7668E-18     .5643E-18     .3968E-18     .3081E-18     .3440E-18     .5240E-18     .8290E-18     .1203E-17     .1560E-17     .1815E-17     .1903E-17           .1423E-15
     .4000E+04     .7025E-14     .6876E-14     .6437E-14     .5016E-14     .3469E-14     .2243E-14     .1417E-14     .9029E-15     .5920E-15     .4032E-15     .2854E-15     .2095E-15     .6452E-16     .2839E-16     .1530E-16     .9311E-17     .6138E-17     .4277E-17     .3123E-17     .2372E-17     .1564E-17     .1214E-17     .1017E-17     .8179E-18     .5851E-18     .3868E-18     .3449E-18     .5671E-18     .1083E-17     .1812E-17     .2575E-17     .3155E-17     .3358E-17           .1599E-15
     .3000E+04     .6384E-14     .6278E-14     .5963E-14     .4896E-14     .3625E-14     .2505E-14     .1672E-14     .1106E-14     .7399E-15     .5079E-15     .3601E-15     .2636E-15     .8123E-16     .3592E-16     .1933E-16     .1184E-16     .7893E-17     .5561E-17     .4072E-17     .3067E-17     .1894E-17     .1406E-17     .1273E-17     .1221E-17     .1027E-17     .6642E-18     .3489E-18     .4559E-18     .1289E-17     .2841E-17     .4729E-17     .6273E-17     .6833E-17           .1850E-15
     .2000E+04     .5531E-14     .5467E-14     .5273E-14     .4578E-14     .3668E-14     .2762E-14     .1992E-14     .1404E-14     .9824E-15     .6919E-15     .4957E-15     .3634E-15     .1110E-15     .4960E-16     .2660E-16     .1610E-16     .1071E-16     .7654E-17     .5781E-17     .4526E-17     .2842E-17     .1733E-17     .1253E-17     .1454E-17     .1903E-17     .1854E-17     .1013E-17     .1646E-18     .8630E-18     .4195E-17     .9562E-17     .1462E-16     .1664E-16           .2253E-15
     .1000E+04     .4251E-14     .4225E-14     .4140E-14     .3823E-14     .3363E-14     .2832E-14     .2298E-14     .1810E-14     .1396E-14     .1062E-14     .8024E-15     .6063E-15     .1785E-15     .7924E-16     .4508E-16     .2882E-16     .1947E-16     .1320E-16     .8765E-17     .5977E-17     .4487E-17     .5177E-17     .3844E-17     .9329E-18     .6458E-18     .4333E-17     .7553E-17     .5699E-17     .1182E-17     .2411E-17     .1402E-16     .2973E-16     .3713E-16           .3083E-15
     .8000E+03     .3907E-14     .3886E-14     .3823E-14     .3580E-14     .3218E-14     .2786E-14     .2334E-14     .1900E-14     .1514E-14     .1187E-14     .9202E-15     .7097E-15     .2101E-15     .8768E-16     .4925E-16     .3315E-16     .2435E-16     .1773E-16     .1188E-16     .7116E-17     .3422E-17     .6014E-17     .7029E-17     .3079E-17     .5016E-19     .3588E-17     .9784E-17     .1000E-16     .3703E-17     .1151E-17     .1096E-16     .2769E-16     .3604E-16           .3403E-15
     .6000E+03     .3545E-14     .3530E-14     .3485E-14     .3313E-14     .3048E-14     .2721E-14     .2364E-14     .2003E-14     .1663E-14     .1358E-14     .1094E-14     .8728E-15     .2753E-15     .1028E-15     .5085E-16     .3427E-16     .2914E-16     .2563E-16     .2009E-16     .1278E-16     .2043E-17     .4702E-17     .1150E-16     .9459E-17     .2031E-17     .1710E-17     .9678E-17     .1390E-16     .7599E-17     .4359E-18     .5634E-17     .2073E-16     .2903E-16           .3899E-15
     .4000E+03     .3206E-14     .3197E-14     .3169E-14     .3063E-14     .2894E-14     .2677E-14     .2428E-14     .2162E-14     .1894E-14     .1636E-14     .1395E-14     .1178E-14     .4591E-15     .1690E-15     .6135E-16     .2714E-16     .2469E-16     .3199E-16     .3601E-16     .3193E-16     .9693E-17     .3340E-18     .1131E-16     .1867E-16     .1062E-16     .1270E-17     .3413E-17     .9441E-17     .7161E-17     .1098E-17     .5300E-17     .1992E-16     .2826E-16           .4898E-15
     .3500E+03     .3139E-14     .3131E-14     .3109E-14     .3017E-14     .2872E-14     .2683E-14     .2463E-14     .2225E-14     .1980E-14     .1739E-14     .1509E-14     .1297E-14     .5508E-15     .2132E-15     .7520E-16     .2662E-16     .2052E-16     .3051E-16     .3947E-16     .3920E-16     .1636E-16     .3474E-18     .8679E-17     .1867E-16     .1284E-16     .2120E-17     .1384E-17     .6206E-17     .5064E-17     .1228E-17     .7593E-17     .2378E-16     .3276E-16           .5338E-15
     .3000E+03     .3088E-14     .3082E-14     .3063E-14     .2985E-14     .2863E-14     .2702E-14     .2511E-14     .2302E-14     .2082E-14     .1861E-14     .1646E-14     .1443E-14     .6746E-15     .2815E-15     .1025E-15     .3109E-16     .1606E-16     .2645E-16     .4053E-16     .4588E-16     .2589E-16     .2483E-17     .4811E-17     .1572E-16     .1335E-16     .3246E-17     .2517E-18     .3194E-17     .2554E-17     .1112E-17     .1027E-16     .2844E-16     .3826E-16           .5923E-15
     .2500E+03     .3052E-14     .3048E-14     .3032E-14     .2969E-14     .2868E-14     .2733E-14     .2572E-14     .2392E-14     .2200E-14     .2003E-14     .1806E-14     .1615E-14     .8380E-15     .3844E-15     .1525E-15     .4720E-16     .1466E-16     .2001E-16     .3722E-16     .4900E-16     .3716E-16     .8175E-17     .1001E-17     .9214E-17     .1051E-16     .3932E-17     .9342E-18     .2200E-17     .1067E-17     .7596E-18     .1133E-16     .3027E-16     .4010E-16           .6712E-15
     .2000E+03     .3000E-14     .2997E-14     .2984E-14     .2935E-14     .2856E-14     .2748E-14     .2619E-14     .2471E-14     .2310E-14     .2140E-14     .1967E-14     .1795E-14     .1035E-14     .5277E-15     .2362E-15     .8609E-16     .2469E-16     .1515E-16     .2868E-16     .4438E-16     .4556E-16     .1810E-16     .1223E-17     .1854E-17     .4181E-17     .2872E-17     .3236E-17     .4778E-17     .2693E-17     .6621E-18     .7881E-17     .2270E-16     .3060E-16           .7762E-15
     .1500E+03     .2817E-14     .2814E-14     .2805E-14     .2769E-14     .2711E-14     .2633E-14     .2537E-14     .2425E-14     .2299E-14     .2167E-14     .2027E-14     .1883E-14     .1203E-14     .6859E-15     .3530E-15     .1610E-15     .6408E-16     .2721E-16     .2332E-16     .3205E-16     .4216E-16     .2874E-16     .1245E-16     .4773E-17     .1427E-17     .2314E-18     .3126E-17     .7153E-17     .6475E-17     .2088E-17     .1003E-17     .5110E-17     .8048E-17           .9041E-15
     .1000E+03     .2171E-14     .2168E-14     .2164E-14     .2144E-14     .2110E-14     .2065E-14     .2009E-14     .1943E-14     .1868E-14     .1786E-14     .1698E-14     .1608E-14     .1139E-14     .7374E-15     .4490E-15     .2633E-15     .1520E-15     .8844E-16     .5444E-16     .3759E-16     .2751E-16     .2824E-16     .3061E-16     .2878E-16     .1986E-16     .8246E-17     .1129E-17     .6449E-18     .3041E-17     .4630E-17     .5210E-17     .5828E-17     .6168E-17           .1016E-14
     .5000E+02     .9280E-15     .9275E-15     .9260E-15     .9202E-15     .9107E-15     .8974E-15     .8807E-15     .8609E-15     .8382E-15     .8128E-15     .7854E-15     .7560E-15     .5944E-15     .4378E-15     .3131E-15     .2279E-15     .1754E-15     .1438E-15     .1217E-15     .1020E-15     .6035E-16     .2441E-16     .1184E-16     .2542E-16     .4927E-16     .6089E-16     .4981E-16     .2501E-16     .8115E-17     .1619E-16     .4821E-16     .8401E-16     .9916E-16           .9935E-15
     .4500E+02     .7571E-15     .7566E-15     .7554E-15     .7508E-15     .7432E-15     .7326E-15     .7192E-15     .7032E-15     .6851E-15     .6648E-15     .6426E-15     .6190E-15     .4885E-15     .3619E-15     .2620E-15     .1958E-15     .1578E-15     .1370E-15     .1228E-15     .1078E-15     .6770E-16     .2651E-16     .8880E-17     .2173E-16     .4842E-16     .6290E-16     .5230E-16     .2665E-16     .1089E-16     .2456E-16     .6579E-16     .1103E-15     .1288E-15           .9443E-15
     .4000E+02     .5716E-15     .5713E-15     .5704E-15     .5670E-15     .5611E-15     .5532E-15     .5432E-15     .5313E-15     .5177E-15     .5025E-15     .4858E-15     .4682E-15     .3704E-15     .2763E-15     .2037E-15     .1584E-15     .1357E-15     .1261E-15     .1196E-15     .1095E-15     .7196E-16     .2793E-16     .6585E-17     .1810E-16     .4511E-16     .6038E-16     .4978E-16     .2522E-16     .1387E-16     .3646E-16     .8844E-16     .1425E-15     .1658E-15           .8667E-15
     .3500E+02     .3843E-15     .3841E-15     .3835E-15     .3811E-15     .3774E-15     .3721E-15     .3653E-15     .3574E-15     .3483E-15     .3382E-15     .3270E-15     .3152E-15     .2505E-15     .1892E-15     .1443E-15     .1195E-15     .1109E-15     .1105E-15     .1101E-15     .1039E-15     .7006E-16     .2696E-16     .4984E-17     .1485E-16     .3937E-16     .5218E-16     .4146E-16     .2040E-16     .1713E-16     .5076E-16     .1148E-15     .1772E-15     .2025E-15           .7577E-15
     .3000E+02     .2200E-15     .2198E-15     .2195E-15     .2182E-15     .2161E-15     .2131E-15     .2094E-15     .2049E-15     .1998E-15     .1942E-15     .1879E-15     .1815E-15     .1460E-15     .1141E-15     .9296E-16     .8452E-16     .8564E-16     .9035E-16     .9259E-16     .8834E-16     .5941E-16     .2234E-16     .3919E-17     .1243E-16     .3176E-16     .3962E-16     .2854E-16     .1343E-16     .2073E-16     .6596E-16     .1394E-15     .2071E-15     .2343E-15           .6233E-15
     .2500E+02     .1038E-15     .1038E-15     .1036E-15     .1031E-15     .1021E-15     .1009E-15     .9931E-16     .9743E-16     .9530E-16     .9295E-16     .9041E-16     .8771E-16     .7365E-16     .6217E-16     .5649E-16     .5695E-16     .6132E-16     .6594E-16     .6733E-16     .6333E-16     .4059E-16     .1425E-16     .3457E-17     .1140E-16     .2434E-16     .2602E-16     .1493E-16     .7085E-17     .2501E-16     .7914E-16     .1563E-15     .2255E-15     .2538E-15           .4830E-15
     .2000E+02     .4417E-16     .4415E-16     .4412E-16     .4398E-16     .4374E-16     .4339E-16     .4299E-16     .4250E-16     .4195E-16     .4135E-16     .4071E-16     .4004E-16     .3679E-16     .3476E-16     .3471E-16     .3634E-16     .3846E-16     .3947E-16     .3807E-16     .3370E-16     .1873E-16     .5862E-17     .4641E-17     .1276E-16     .1939E-16     .1572E-16     .5310E-17     .4310E-17     .3006E-16     .8800E-16     .1637E-15     .2276E-15     .2523E-15           .3653E-15
     .1500E+02     .2544E-16     .2544E-16     .2544E-16     .2541E-16     .2535E-16     .2528E-16     .2520E-16     .2510E-16     .2496E-16     .2483E-16     .2468E-16     .2453E-16     .2362E-16     .2262E-16     .2153E-16     .2018E-16     .1831E-16     .1579E-16     .1263E-16     .9141E-17     .3512E-17     .3834E-17     .1087E-16     .1861E-16     .1937E-16     .1127E-16     .1959E-17     .6130E-17     .3634E-16     .9299E-16     .1619E-15     .2194E-15     .2419E-15           .3063E-15
     .1000E+02     .2641E-16     .2639E-16     .2638E-16     .2633E-16     .2624E-16     .2613E-16     .2598E-16     .2578E-16     .2557E-16     .2532E-16     .2504E-16     .2471E-16     .2267E-16     .1998E-16     .1684E-16     .1353E-16     .1048E-16     .8088E-17     .6786E-17     .6906E-17     .1194E-16     .2204E-16     .3224E-16     .3559E-16     .2818E-16     .1368E-16     .3042E-17     .9439E-17     .4138E-16     .9645E-16     .1596E-15     .2094E-15     .2282E-15           .3810E-15
     .5000E+01     .1097E-15     .1097E-15     .1097E-15     .1094E-15     .1091E-15     .1086E-15     .1080E-15     .1072E-15     .1063E-15     .1053E-15     .1042E-15     .1029E-15     .9533E-16     .8630E-16     .7718E-16     .6940E-16     .6426E-16     .6276E-16     .6542E-16     .7219E-16     .9491E-16     .1197E-15     .1319E-15     .1207E-15     .8665E-16     .4292E-16     .1154E-16     .1364E-16     .5914E-16     .1404E-15     .2337E-15     .3073E-15     .3352E-15           .1117E-14