0         .1            .5           1.0           2.0           3.0           4.0           5.0           6.0           7.0           8.0           9.0          10.0          15.0          20.0          25.0          30.0          35.0          40.0          45.0          50.0          60.0          70.0          80.0          90.0         100.0         110.0         120.0         130.0         140.0         150.0         160.0         170.0         180.0	0
     .3000E+05     .4673E-14     .4120E-14     .2879E-14     .1049E-14     .4123E-15     .1915E-15     .1009E-15     .5857E-16     .3636E-16     .2371E-16     .1618E-16     .1142E-16     .2866E-17     .1047E-17     .4757E-18     .2483E-18     .1434E-18     .8914E-19     .5878E-19     .4047E-19     .2156E-19     .1277E-19     .8257E-20     .5725E-20     .4172E-20     .3205E-20     .2578E-20     .2137E-20     .1858E-20     .1672E-20     .1537E-20     .1459E-20     .1365E-20           .1838E-16
     .2900E+05     .4655E-14     .4122E-14     .2909E-14     .1079E-14     .4272E-15     .1989E-15     .1053E-15     .6118E-16     .3792E-16     .2489E-16     .1697E-16     .1197E-16     .3021E-17     .1105E-17     .5016E-18     .2622E-18     .1515E-18     .9471E-19     .6245E-19     .4336E-19     .2310E-19     .1366E-19     .8828E-20     .6080E-20     .4456E-20     .3434E-20     .2751E-20     .2282E-20     .1982E-20     .1776E-20     .1642E-20     .1567E-20     .1483E-20           .1889E-16
     .2800E+05     .4633E-14     .4117E-14     .2936E-14     .1110E-14     .4433E-15     .2071E-15     .1098E-15     .6412E-16     .3977E-16     .2608E-16     .1780E-16     .1261E-16     .3188E-17     .1169E-17     .5330E-18     .2794E-18     .1618E-18     .1010E-18     .6679E-19     .4617E-19     .2465E-19     .1467E-19     .9484E-20     .6558E-20     .4817E-20     .3682E-20     .2947E-20     .2459E-20     .2129E-20     .1909E-20     .1770E-20     .1679E-20     .1716E-20           .1943E-16
     .2700E+05     .4602E-14     .4104E-14     .2956E-14     .1141E-14     .4600E-15     .2159E-15     .1147E-15     .6703E-16     .4174E-16     .2739E-16     .1874E-16     .1327E-16     .3373E-17     .1241E-17     .5658E-18     .2972E-18     .1722E-18     .1083E-18     .7150E-19     .4942E-19     .2632E-19     .1570E-19     .1014E-19     .7070E-20     .5161E-20     .3974E-20     .3200E-20     .2672E-20     .2307E-20     .2056E-20     .1900E-20     .1840E-20     .1748E-20           .1999E-16
     .2600E+05     .4575E-14     .4095E-14     .2979E-14     .1175E-14     .4781E-15     .2253E-15     .1202E-15     .7025E-16     .4384E-16     .2890E-16     .1974E-16     .1401E-16     .3573E-17     .1319E-17     .6039E-18     .3181E-18     .1845E-18     .1151E-18     .7601E-19     .5268E-19     .2839E-19     .1679E-19     .1095E-19     .7586E-20     .5574E-20     .4307E-20     .3451E-20     .2884E-20     .2505E-20     .2234E-20     .2073E-20     .1979E-20     .1949E-20           .2060E-16
     .2500E+05     .4557E-14     .4095E-14     .3006E-14     .1211E-14     .4976E-15     .2355E-15     .1259E-15     .7395E-16     .4611E-16     .3041E-16     .2085E-16     .1481E-16     .3794E-17     .1405E-17     .6455E-18     .3395E-18     .1970E-18     .1235E-18     .8193E-19     .5686E-19     .3029E-19     .1830E-19     .1184E-19     .8222E-20     .6044E-20     .4642E-20     .3741E-20     .3136E-20     .2715E-20     .2432E-20     .2255E-20     .2152E-20     .2122E-20           .2127E-16
     .2400E+05     .4544E-14     .4090E-14     .3029E-14     .1250E-14     .5176E-15     .2468E-15     .1320E-15     .7756E-16     .4866E-16     .3208E-16     .2207E-16     .1567E-16     .4040E-17     .1503E-17     .6895E-18     .3637E-18     .2117E-18     .1323E-18     .8800E-19     .6096E-19     .3272E-19     .1970E-19     .1278E-19     .8949E-20     .6531E-20     .5094E-20     .4058E-20     .3406E-20     .2951E-20     .2666E-20     .2454E-20     .2352E-20     .2349E-20           .2198E-16
     .2300E+05     .4517E-14     .4080E-14     .3049E-14     .1289E-14     .5398E-15     .2589E-15     .1389E-15     .8187E-16     .5131E-16     .3400E-16     .2338E-16     .1663E-16     .4304E-17     .1605E-17     .7369E-18     .3908E-18     .2283E-18     .1434E-18     .9542E-19     .6619E-19     .3562E-19     .2138E-19     .1395E-19     .9690E-20     .7135E-20     .5516E-20     .4454E-20     .3735E-20     .3242E-20     .2911E-20     .2704E-20     .2575E-20     .2544E-20           .2274E-16
     .2200E+05     .4518E-14     .4093E-14     .3084E-14     .1333E-14     .5653E-15     .2721E-15     .1465E-15     .8679E-16     .5432E-16     .3597E-16     .2480E-16     .1769E-16     .4599E-17     .1719E-17     .7948E-18     .4214E-18     .2475E-18     .1546E-18     .1025E-18     .7162E-19     .3893E-19     .2313E-19     .1520E-19     .1061E-19     .7812E-20     .6018E-20     .4894E-20     .4099E-20     .3556E-20     .3205E-20     .2982E-20     .2857E-20     .2739E-20           .2361E-16
     .2100E+05     .4502E-14     .4092E-14     .3109E-14     .1372E-14     .5913E-15     .2863E-15     .1545E-15     .9107E-16     .5765E-16     .3826E-16     .2636E-16     .1883E-16     .4927E-17     .1852E-17     .8561E-18     .4556E-18     .2660E-18     .1693E-18     .1121E-18     .7769E-19     .4238E-19     .2532E-19     .1661E-19     .1158E-19     .8604E-20     .6610E-20     .5394E-20     .4509E-20     .3934E-20     .3543E-20     .3301E-20     .3117E-20     .3240E-20           .2448E-16
     .2000E+05     .4472E-14     .4080E-14     .3130E-14     .1412E-14     .6181E-15     .3002E-15     .1642E-15     .9700E-16     .6106E-16     .4068E-16     .2812E-16     .2013E-16     .5297E-17     .2001E-17     .9272E-18     .4942E-18     .2908E-18     .1836E-18     .1217E-18     .8539E-19     .4638E-19     .2790E-19     .1816E-19     .1279E-19     .9477E-20     .7359E-20     .5966E-20     .5012E-20     .4357E-20     .3929E-20     .3661E-20     .3479E-20     .3643E-20           .2540E-16
     .1900E+05     .4466E-14     .4090E-14     .3169E-14     .1462E-14     .6515E-15     .3170E-15     .1730E-15     .1031E-15     .6525E-16     .4344E-16     .3009E-16     .2155E-16     .5708E-17     .2155E-17     .1006E-17     .5380E-18     .3148E-18     .2000E-18     .1338E-18     .9304E-19     .5072E-19     .3081E-19     .2019E-19     .1413E-19     .1050E-19     .8170E-20     .6631E-20     .5592E-20     .4869E-20     .4401E-20     .4083E-20     .3916E-20     .4236E-20           .2650E-16
     .1800E+05     .4448E-14     .4089E-14     .3200E-14     .1509E-14     .6842E-15     .3376E-15     .1843E-15     .1096E-15     .6967E-16     .4648E-16     .3225E-16     .2314E-16     .6166E-17     .2341E-17     .1097E-17     .5886E-18     .3458E-18     .2200E-18     .1467E-18     .1030E-18     .5616E-19     .3418E-19     .2240E-19     .1576E-19     .1171E-19     .9134E-20     .7416E-20     .6269E-20     .5459E-20     .4930E-20     .4572E-20     .4412E-20     .4406E-20           .2767E-16
     .1700E+05     .4427E-14     .4087E-14     .3234E-14     .1563E-14     .7174E-15     .3576E-15     .1970E-15     .1173E-15     .7465E-16     .4990E-16     .3474E-16     .2493E-16     .6685E-17     .2554E-17     .1200E-17     .6432E-18     .3820E-18     .2411E-18     .1628E-18     .1138E-18     .6233E-19     .3794E-19     .2510E-19     .1764E-19     .1316E-19     .1027E-19     .8367E-20     .7064E-20     .6166E-20     .5556E-20     .5243E-20     .4978E-20     .5177E-20           .2895E-16
     .1600E+05     .4390E-14     .4069E-14     .3261E-14     .1621E-14     .7565E-15     .3795E-15     .2104E-15     .1258E-15     .8039E-16     .5374E-16     .3746E-16     .2695E-16     .7277E-17     .2799E-17     .1317E-17     .7117E-18     .4208E-18     .2683E-18     .1800E-18     .1270E-18     .6962E-19     .4244E-19     .2811E-19     .1991E-19     .1487E-19     .1164E-19     .9509E-20     .8035E-20     .7041E-20     .6373E-20     .5890E-20     .5705E-20     .5820E-20           .3035E-16
     .1500E+05     .4347E-14     .4049E-14     .3285E-14     .1682E-14     .8009E-15     .4050E-15     .2256E-15     .1353E-15     .8665E-16     .5813E-16     .4062E-16     .2926E-16     .7957E-17     .3075E-17     .1457E-17     .7878E-18     .4687E-18     .2991E-18     .2016E-18     .1426E-18     .7836E-19     .4793E-19     .3185E-19     .2259E-19     .1693E-19     .1330E-19     .1086E-19     .9238E-20     .8043E-20     .7302E-20     .6868E-20     .6560E-20     .6443E-20           .3193E-16
     .1400E+05     .4295E-14     .4017E-14     .3300E-14     .1743E-14     .8488E-15     .4342E-15     .2428E-15     .1463E-15     .9384E-16     .6317E-16     .4421E-16     .3193E-16     .8749E-17     .3391E-17     .1615E-17     .8795E-18     .5247E-18     .3346E-18     .2267E-18     .1606E-18     .8864E-19     .5453E-19     .3639E-19     .2590E-19     .1945E-19     .1533E-19     .1253E-19     .1067E-19     .9424E-20     .8498E-20     .7939E-20     .7598E-20     .7466E-20           .3366E-16
     .1300E+05     .4239E-14     .3984E-14     .3313E-14     .1807E-14     .9002E-15     .4670E-15     .2624E-15     .1588E-15     .1022E-15     .6898E-16     .4831E-16     .3497E-16     .9661E-17     .3774E-17     .1806E-17     .9836E-18     .5898E-18     .3795E-18     .2575E-18     .1818E-18     .1015E-18     .6260E-19     .4193E-19     .2996E-19     .2258E-19     .1779E-19     .1469E-19     .1252E-19     .1101E-19     .9897E-20     .9281E-20     .8998E-20     .8828E-20           .3561E-16
     .1200E+05     .4183E-14     .3949E-14     .3325E-14     .1876E-14     .9570E-15     .5040E-15     .2854E-15     .1734E-15     .1118E-15     .7566E-16     .5312E-16     .3853E-16     .1073E-16     .4220E-17     .2032E-17     .1114E-17     .6692E-18     .4310E-18     .2938E-18     .2092E-18     .1167E-18     .7247E-19     .4879E-19     .3503E-19     .2651E-19     .2094E-19     .1728E-19     .1478E-19     .1303E-19     .1188E-19     .1116E-19     .1069E-19     .1101E-19           .3784E-16
     .1100E+05     .4120E-14     .3907E-14     .3333E-14     .1947E-14     .1020E-14     .5461E-15     .3115E-15     .1906E-15     .1231E-15     .8357E-16     .5883E-16     .4275E-16     .1201E-16     .4749E-17     .2295E-17     .1266E-17     .7665E-18     .4961E-18     .3391E-18     .2420E-18     .1362E-18     .8498E-19     .5752E-19     .4148E-19     .3154E-19     .2511E-19     .2074E-19     .1777E-19     .1582E-19     .1436E-19     .1347E-19     .1298E-19     .1246E-19           .4038E-16
     .1000E+05     .4049E-14     .3856E-14     .3333E-14     .2021E-14     .1091E-14     .5951E-15     .3425E-15     .2107E-15     .1366E-15     .9293E-16     .6564E-16     .4779E-16     .1355E-16     .5406E-17     .2635E-17     .1461E-17     .8877E-18     .5772E-18     .3959E-18     .2836E-18     .1608E-18     .1010E-18     .6868E-19     .4981E-19     .3808E-19     .3041E-19     .2528E-19     .2186E-19     .1943E-19     .1772E-19     .1672E-19     .1591E-19     .1593E-19           .4334E-16
     .9000E+04     .3971E-14     .3800E-14     .3327E-14     .2095E-14     .1170E-14     .6515E-15     .3792E-15     .2346E-15     .1530E-15     .1043E-15     .7389E-16     .5392E-16     .1545E-16     .6197E-17     .3039E-17     .1695E-17     .1035E-17     .6779E-18     .4672E-18     .3363E-18     .1924E-18     .1218E-18     .8357E-19     .6105E-19     .4693E-19     .3768E-19     .3149E-19     .2739E-19     .2446E-19     .2229E-19     .2109E-19     .2030E-19     .1991E-19           .4679E-16
     .8000E+04     .3885E-14     .3734E-14     .3315E-14     .2173E-14     .1257E-14     .7179E-15     .4239E-15     .2641E-15     .1731E-15     .1184E-15     .8409E-16     .6156E-16     .1779E-16     .7204E-17     .3561E-17     .2001E-17     .1228E-17     .8079E-18     .5605E-18     .4056E-18     .2341E-18     .1497E-18     .1036E-18     .7635E-19     .5919E-19     .4797E-19     .4037E-19     .3515E-19     .3163E-19     .2908E-19     .2733E-19     .2662E-19     .2648E-19           .5095E-16
     .7000E+04     .3788E-14     .3658E-14     .3288E-14     .2247E-14     .1355E-14     .7960E-15     .4785E-15     .3009E-15     .1985E-15     .1362E-15     .9702E-16     .7122E-16     .2082E-16     .8500E-17     .4231E-17     .2387E-17     .1481E-17     .9824E-18     .6851E-18     .4981E-18     .2911E-18     .1883E-18     .1315E-18     .9808E-19     .7674E-19     .6300E-19     .5325E-19     .4684E-19     .4223E-19     .3916E-19     .3698E-19     .3600E-19     .3474E-19           .5600E-16
     .6000E+04     .3677E-14     .3567E-14     .3249E-14     .2319E-14     .1463E-14     .8898E-15     .5468E-15     .3477E-15     .2310E-15     .1596E-15     .1139E-15     .8385E-16     .2480E-16     .1021E-16     .5122E-17     .2921E-17     .1822E-17     .1218E-17     .8546E-18     .6263E-18     .3710E-18     .2432E-18     .1721E-18     .1299E-18     .1036E-18     .8543E-19     .7335E-19     .6531E-19     .5942E-19     .5528E-19     .5285E-19     .5128E-19     .5106E-19           .6234E-16
     .5000E+04     .3551E-14     .3460E-14     .3196E-14     .2384E-14     .1581E-14     .1002E-14     .6344E-15     .4104E-15     .2750E-15     .1910E-15     .1370E-15     .1011E-15     .3027E-16     .1259E-16     .6366E-17     .3668E-17     .2301E-17     .1552E-17     .1098E-17     .8106E-18     .4875E-18     .3245E-18     .2340E-18     .1797E-18     .1452E-18     .1224E-18     .1069E-18     .9626E-19     .8874E-19     .8370E-19     .8026E-19     .7844E-19     .7784E-19           .7060E-16
     .4000E+04     .3394E-14     .3322E-14     .3112E-14     .2437E-14     .1710E-14     .1136E-14     .7460E-15     .4949E-15     .3364E-15     .2358E-15     .1701E-15     .1261E-15     .3828E-16     .1608E-16     .8222E-17     .4766E-17     .3024E-17     .2055E-17     .1465E-17     .1091E-17     .6676E-18     .4532E-18     .3337E-18     .2626E-18     .2180E-18     .1880E-18     .1690E-18     .1551E-18     .1461E-18     .1396E-18     .1358E-18     .1335E-18     .1319E-18           .8188E-16
     .3000E+04     .3170E-14     .3120E-14     .2964E-14     .2447E-14     .1834E-14     .1297E-14     .8953E-15     .6163E-15     .4292E-15     .3049E-15     .2220E-15     .1655E-15     .5098E-16     .2173E-16     .1120E-16     .6560E-17     .4201E-17     .2878E-17     .2073E-17     .1555E-17     .9667E-18     .6676E-18     .5058E-18     .4099E-18     .3539E-18     .3193E-18     .2978E-18     .2851E-18     .2774E-18     .2726E-18     .2702E-18     .2690E-18     .2663E-18           .9841E-16
     .2000E+04     .2854E-14     .2821E-14     .2724E-14     .2377E-14     .1924E-14     .1474E-14     .1092E-14     .7960E-15     .5787E-15     .4233E-15     .3137E-15     .2365E-15     .7429E-16     .3208E-16     .1678E-16     .9952E-17     .6452E-17     .4466E-17     .3246E-17     .2456E-17     .1542E-17     .1076E-17     .8243E-18     .6930E-18     .6315E-18     .6139E-18     .6226E-18     .6461E-18     .6757E-18     .7053E-18     .7299E-18     .7454E-18     .7377E-18           .1258E-15
     .1000E+04     .2337E-14     .2322E-14     .2277E-14     .2112E-14     .1870E-14     .1591E-14     .1313E-14     .1057E-14     .8380E-15     .6581E-15     .5149E-15     .4034E-15     .1340E-15     .5793E-16     .3064E-16     .1840E-16     .1208E-16     .8522E-17     .6339E-17     .4903E-17     .3200E-17     .2229E-17     .1610E-17     .1236E-17     .1086E-17     .1173E-17     .1503E-17     .2028E-17     .2699E-17     .3376E-17     .3998E-17     .4389E-17     .4632E-17           .1857E-15
     .8000E+03     .2174E-14     .2164E-14     .2129E-14     .2001E-14     .1809E-14     .1581E-14     .1341E-14     .1111E-14     .9056E-15     .7293E-15     .5837E-15     .4657E-15     .1608E-15     .6934E-16     .3655E-16     .2197E-16     .1443E-16     .1014E-16     .7547E-17     .5884E-17     .3959E-17     .2857E-17     .2071E-17     .1483E-17     .1144E-17     .1167E-17     .1643E-17     .2586E-17     .3879E-17     .5318E-17     .6639E-17     .7562E-17     .7891E-17           .2090E-15
     .6000E+03     .1973E-14     .1965E-14     .1940E-14     .1849E-14     .1707E-14     .1533E-14     .1343E-14     .1151E-14     .9705E-15     .8072E-15     .6651E-15     .5447E-15     .2018E-15     .8735E-16     .4587E-16     .2753E-16     .1798E-16     .1251E-16     .9186E-17     .7117E-17     .4942E-17     .3871E-17     .3023E-17     .2125E-17     .1304E-17     .9347E-18     .1436E-17     .3052E-17     .5698E-17     .8940E-17     .1208E-16     .1435E-16     .1518E-16           .2423E-15
     .4000E+03     .1694E-14     .1690E-14     .1675E-14     .1618E-14     .1528E-14     .1414E-14     .1284E-14     .1145E-14     .1005E-14     .8715E-15     .7472E-15     .6355E-15     .2675E-15     .1196E-15     .6294E-16     .3825E-16     .2523E-16     .1731E-16     .1218E-16     .8846E-17     .5696E-17     .5124E-17     .5149E-17     .4463E-17     .2784E-17     .9290E-18     .3868E-18     .2544E-17     .7914E-17     .1570E-16     .2395E-16     .3026E-16     .3260E-16           .2953E-15
     .3500E+03     .1602E-14     .1599E-14     .1585E-14     .1537E-14     .1462E-14     .1363E-14     .1249E-14     .1126E-14     .1000E-14     .8774E-15     .7616E-15     .6552E-15     .2887E-15     .1313E-15     .6939E-16     .4259E-16     .2845E-16     .1965E-16     .1368E-16     .9642E-17     .5678E-17     .5222E-17     .5902E-17     .5743E-17     .3984E-17     .1450E-17     .1127E-18     .2046E-17     .8245E-17     .1789E-16     .2850E-16     .3673E-16     .3984E-16           .3138E-15
     .3000E+03     .1496E-14     .1493E-14     .1482E-14     .1442E-14     .1379E-14     .1297E-14     .1200E-14     .1094E-14     .9834E-15     .8738E-15     .7681E-15     .6692E-15     .3108E-15     .1446E-15     .7692E-16     .4785E-16     .3273E-16     .2301E-16     .1605E-16     .1097E-16     .5564E-17     .5001E-17     .6625E-17     .7514E-17     .6018E-17     .2723E-17     .1564E-18     .1384E-17     .8225E-17     .2001E-16     .3352E-16     .4426E-16     .4833E-16           .3354E-15
     .2500E+03     .1370E-14     .1367E-14     .1359E-14     .1327E-14     .1276E-14     .1209E-14     .1130E-14     .1041E-14     .9481E-15     .8536E-15     .7608E-15     .6722E-15     .3313E-15     .1587E-15     .8516E-16     .5398E-16     .3832E-16     .2796E-16     .1994E-16     .1349E-16     .5534E-17     .4222E-17     .7059E-17     .9857E-17     .9405E-17     .5491E-17     .1129E-17     .7577E-18     .7577E-17     .2140E-16     .3826E-16     .5207E-16     .5740E-16           .3603E-15
     .2000E+03     .1208E-14     .1206E-14     .1200E-14     .1176E-14     .1138E-14     .1088E-14     .1026E-14     .9573E-15     .8831E-15     .8063E-15     .7292E-15     .6537E-15     .3443E-15     .1707E-15     .9248E-16     .6007E-16     .4503E-16     .3522E-16     .2656E-16     .1852E-16     .6366E-17     .2724E-17     .6630E-17     .1261E-16     .1481E-16     .1107E-16     .4357E-17     .8400E-18     .5950E-17     .2071E-16     .4063E-16     .5768E-16     .6437E-16           .3878E-15
     .1500E+03     .9939E-15     .9925E-15     .9885E-15     .9726E-15     .9465E-15     .9116E-15     .8689E-15     .8199E-15     .7663E-15     .7095E-15     .6514E-15     .5929E-15     .3351E-15     .1725E-15     .9372E-16     .6254E-16     .5104E-16     .4460E-16     .3749E-16     .2863E-16     .1054E-16     .1200E-17     .4500E-17     .1477E-16     .2238E-16     .2109E-16     .1217E-16     .3333E-17     .3230E-17     .1549E-16     .3601E-16     .5502E-16     .6269E-16           .4127E-15
     .1000E+03     .6840E-15     .6833E-15     .6810E-15     .6722E-15     .6578E-15     .6382E-15     .6138E-15     .5854E-15     .5538E-15     .5197E-15     .4837E-15     .4468E-15     .2699E-15     .1425E-15     .7529E-16     .5118E-16     .4848E-16     .5125E-16     .5121E-16     .4576E-16     .2368E-16     .4111E-17     .1154E-17     .1333E-16     .2809E-16     .3300E-16     .2457E-16     .9988E-17     .8831E-18     .4912E-17     .2028E-16     .3713E-16     .4436E-16           .4101E-15
     .5000E+02     .2316E-15     .2314E-15     .2308E-15     .2283E-15     .2243E-15     .2188E-15     .2117E-15     .2035E-15     .1942E-15     .1839E-15     .1728E-15     .1612E-15     .1010E-15     .5142E-16     .2280E-16     .1487E-16     .2073E-16     .3175E-16     .4096E-16     .4460E-16     .3443E-16     .1438E-16     .2505E-17     .4703E-17     .1392E-16     .1931E-16     .1606E-16     .8509E-17     .5910E-17     .1454E-16     .3275E-16     .5085E-16     .5804E-16           .2699E-15
     .4500E+02     .1849E-15     .1848E-15     .1842E-15     .1822E-15     .1791E-15     .1748E-15     .1693E-15     .1628E-15     .1554E-15     .1473E-15     .1385E-15     .1293E-15     .8130E-16     .4113E-16     .1766E-16     .1127E-16     .1673E-16     .2683E-16     .3552E-16     .3938E-16     .3137E-16     .1365E-16     .2525E-17     .3621E-17     .1093E-16     .1509E-16     .1232E-16     .7031E-17     .7797E-17     .1986E-16     .4078E-16     .6054E-16     .6825E-16           .2415E-15
     .4000E+02     .1412E-15     .1411E-15     .1407E-15     .1392E-15     .1369E-15     .1336E-15     .1295E-15     .1246E-15     .1191E-15     .1130E-15     .1064E-15     .9943E-16     .6281E-16     .3172E-16     .1324E-16     .8199E-17     .1278E-16     .2141E-16     .2909E-16     .3278E-16     .2663E-16     .1192E-16     .2222E-17     .2596E-17     .7955E-17     .1079E-16     .8445E-17     .5695E-17     .1030E-16     .2660E-16     .5057E-16     .7249E-16     .8167E-16           .2119E-15
     .3500E+02     .1020E-15     .1019E-15     .1016E-15     .1006E-15     .9893E-16     .9664E-16     .9377E-16     .9034E-16     .8644E-16     .8212E-16     .7747E-16     .7252E-16     .4629E-16     .2361E-16     .9802E-17     .5817E-17     .9137E-17     .1573E-16     .2179E-16     .2486E-16     .2034E-16     .9029E-17     .1549E-17     .1694E-17     .5298E-17     .6685E-17     .4863E-17     .4900E-17     .1387E-16     .3466E-16     .6278E-16     .8682E-16     .9602E-16           .1838E-15
     .3000E+02     .6876E-16     .6871E-16     .6855E-16     .6789E-16     .6682E-16     .6533E-16     .6347E-16     .6124E-16     .5872E-16     .5592E-16     .5288E-16     .4966E-16     .3239E-16     .1715E-16     .7504E-17     .4286E-17     .6056E-17     .1021E-16     .1415E-16     .1612E-16     .1288E-16     .5261E-17     .6018E-18     .1098E-17     .3246E-17     .3319E-17     .2070E-17     .5155E-17     .1891E-16     .4488E-16     .7741E-16     .1041E-15     .1141E-15           .1619E-15
     .2500E+02     .4277E-16     .4274E-16     .4265E-16     .4229E-16     .4168E-16     .4084E-16     .3980E-16     .3855E-16     .3712E-16     .3552E-16     .3379E-16     .3196E-16     .2195E-16     .1281E-16     .6581E-17     .3873E-17     .4001E-17     .5583E-17     .7182E-17     .7799E-17     .5401E-17     .1458E-17     .4387E-19     .1324E-17     .2332E-17     .1184E-17     .6326E-18     .7018E-17     .2626E-16     .5835E-16     .9562E-16     .1263E-15     .1385E-15           .1557E-15
     .2000E+02     .2605E-16     .2604E-16     .2599E-16     .2583E-16     .2556E-16     .2517E-16     .2469E-16     .2413E-16     .2347E-16     .2274E-16     .2194E-16     .2109E-16     .1630E-16     .1159E-16     .7866E-17     .5432E-17     .4099E-17     .3398E-17     .2850E-17     .2162E-17     .5239E-18     .2074E-18     .2031E-17     .4028E-17     .3618E-17     .9397E-18     .9195E-18     .1116E-16     .3692E-16     .7715E-16     .1223E-15     .1575E-15     .1706E-15           .1860E-15
     .1500E+02     .2680E-16     .2680E-16     .2678E-16     .2671E-16     .2660E-16     .2644E-16     .2623E-16     .2599E-16     .2571E-16     .2538E-16     .2502E-16     .2462E-16     .2222E-16     .1930E-16     .1615E-16     .1299E-16     .9984E-17     .7323E-17     .5215E-17     .3886E-17     .4316E-17     .8762E-17     .1424E-16     .1597E-16     .1159E-16     .4296E-17     .2717E-17     .1739E-16     .5420E-16     .1093E-15     .1697E-15     .2176E-15     .2358E-15           .3158E-15
     .1000E+02     .2238E-15     .2237E-15     .2235E-15     .2231E-15     .2222E-15     .2208E-15     .2192E-15     .2173E-15     .2149E-15     .2122E-15     .2092E-15     .2059E-15     .1849E-15     .1584E-15     .1286E-15     .9845E-16     .7077E-16     .4821E-16     .3275E-16     .2548E-16     .3489E-16     .6519E-16     .9423E-16     .1004E-15     .7630E-16     .3559E-16     .7809E-17     .2407E-16     .1011E-15     .2296E-15     .3743E-15     .4873E-15     .5298E-15           .1111E-14
     .5000E+01     .4846E-15     .4846E-15     .4845E-15     .4837E-15     .4825E-15     .4809E-15     .4788E-15     .4763E-15     .4733E-15     .4699E-15     .4660E-15     .4617E-15     .4342E-15     .3983E-15     .3559E-15     .3097E-15     .2619E-15     .2149E-15     .1707E-15     .1309E-15     .6804E-16     .2897E-16     .9763E-17     .3304E-17     .2541E-17     .2707E-17     .1971E-17     .7255E-18     .1818E-18     .1097E-17     .3167E-17     .5246E-17     .6112E-17           .7959E-15