0          .1            .5           1.0           2.0           3.0           4.0           5.0           6.0           7.0           8.0           9.0          10.0          15.0          20.0          25.0          30.0          35.0          40.0          45.0          50.0          60.0          70.0          80.0          90.0         100.0         110.0         120.0         130.0         140.0         150.0         160.0         170.0         180.0	0
     .3000E+05     .1234E-13     .1092E-13     .7696E-14     .2842E-14     .1108E-14     .5136E-15     .2729E-15     .1600E-15     .1007E-15     .6724E-16     .4684E-16     .3386E-16     .9726E-17     .3952E-17     .1937E-17     .1069E-17     .6443E-18     .4162E-18     .2841E-18     .2035E-18     .1184E-18     .7797E-19     .5677E-19     .4485E-19     .3794E-19     .3385E-19     .3142E-19     .2979E-19     .2908E-19     .2865E-19     .2845E-19     .2827E-19     .2972E-19           .5106E-16
     .2900E+05     .1224E-13     .1087E-13     .7732E-14     .2905E-14     .1141E-14     .5295E-15     .2817E-15     .1652E-15     .1042E-15     .6949E-16     .4845E-16     .3516E-16     .1011E-16     .4128E-17     .2027E-17     .1122E-17     .6782E-18     .4378E-18     .2997E-18     .2152E-18     .1244E-18     .8191E-19     .5969E-19     .4723E-19     .3999E-19     .3585E-19     .3339E-19     .3185E-19     .3123E-19     .3079E-19     .3060E-19     .3042E-19     .3020E-19           .5215E-16
     .2800E+05     .1213E-13     .1081E-13     .7763E-14     .2970E-14     .1175E-14     .5465E-15     .2911E-15     .1709E-15     .1079E-15     .7204E-16     .5027E-16     .3640E-16     .1053E-16     .4316E-17     .2125E-17     .1178E-17     .7125E-18     .4609E-18     .3151E-18     .2259E-18     .1309E-18     .8619E-19     .6276E-19     .4994E-19     .4241E-19     .3789E-19     .3542E-19     .3416E-19     .3337E-19     .3319E-19     .3301E-19     .3287E-19     .3315E-19           .5329E-16
     .2700E+05     .1200E-13     .1073E-13     .7784E-14     .3036E-14     .1210E-14     .5647E-15     .3009E-15     .1769E-15     .1117E-15     .7469E-16     .5209E-16     .3783E-16     .1097E-16     .4514E-17     .2229E-17     .1240E-17     .7516E-18     .4864E-18     .3328E-18     .2389E-18     .1383E-18     .9083E-19     .6609E-19     .5253E-19     .4471E-19     .4043E-19     .3791E-19     .3665E-19     .3606E-19     .3577E-19     .3565E-19     .3564E-19     .3610E-19           .5447E-16
     .2600E+05     .1188E-13     .1066E-13     .7803E-14     .3106E-14     .1249E-14     .5840E-15     .3117E-15     .1834E-15     .1159E-15     .7745E-16     .5415E-16     .3932E-16     .1143E-16     .4724E-17     .2343E-17     .1307E-17     .7936E-18     .5146E-18     .3524E-18     .2531E-18     .1460E-18     .9597E-19     .6992E-19     .5559E-19     .4752E-19     .4307E-19     .4068E-19     .3947E-19     .3898E-19     .3874E-19     .3873E-19     .3883E-19     .3877E-19           .5574E-16
     .2500E+05     .1178E-13     .1060E-13     .7832E-14     .3181E-14     .1289E-14     .6047E-15     .3231E-15     .1903E-15     .1204E-15     .8058E-16     .5626E-16     .4087E-16     .1195E-16     .4948E-17     .2465E-17     .1380E-17     .8401E-18     .5459E-18     .3744E-18     .2687E-18     .1549E-18     .1015E-18     .7396E-19     .5881E-19     .5051E-19     .4591E-19     .4363E-19     .4248E-19     .4216E-19     .4210E-19     .4222E-19     .4231E-19     .4269E-19           .5711E-16
     .2400E+05     .1166E-13     .1053E-13     .7851E-14     .3258E-14     .1332E-14     .6270E-15     .3354E-15     .1977E-15     .1252E-15     .8383E-16     .5857E-16     .4262E-16     .1248E-16     .5195E-17     .2598E-17     .1459E-17     .8904E-18     .5804E-18     .3978E-18     .2857E-18     .1646E-18     .1076E-18     .7826E-19     .6247E-19     .5356E-19     .4925E-19     .4673E-19     .4588E-19     .4582E-19     .4597E-19     .4627E-19     .4632E-19     .4673E-19           .5856E-16
     .2300E+05     .1153E-13     .1045E-13     .7863E-14     .3337E-14     .1378E-14     .6511E-15     .3486E-15     .2058E-15     .1304E-15     .8728E-16     .6111E-16     .4450E-16     .1304E-16     .5455E-17     .2741E-17     .1546E-17     .9477E-18     .6187E-18     .4245E-18     .3051E-18     .1754E-18     .1146E-18     .8334E-19     .6645E-19     .5746E-19     .5255E-19     .5049E-19     .4978E-19     .4990E-19     .5030E-19     .5076E-19     .5106E-19     .5124E-19           .6009E-16
     .2200E+05     .1144E-13     .1040E-13     .7893E-14     .3422E-14     .1430E-14     .6774E-15     .3634E-15     .2146E-15     .1361E-15     .9125E-16     .6393E-16     .4644E-16     .1366E-16     .5735E-17     .2899E-17     .1643E-17     .1008E-17     .6579E-18     .4523E-18     .3257E-18     .1874E-18     .1221E-18     .8858E-19     .7064E-19     .6127E-19     .5628E-19     .5467E-19     .5431E-19     .5465E-19     .5517E-19     .5601E-19     .5656E-19     .5580E-19           .6180E-16
     .2100E+05     .1133E-13     .1033E-13     .7911E-14     .3503E-14     .1483E-14     .7053E-15     .3786E-15     .2238E-15     .1421E-15     .9520E-16     .6685E-16     .4857E-16     .1433E-16     .6045E-17     .3069E-17     .1743E-17     .1076E-17     .7062E-18     .4861E-18     .3491E-18     .2009E-18     .1304E-18     .9465E-19     .7547E-19     .6551E-19     .6096E-19     .5939E-19     .5947E-19     .6002E-19     .6103E-19     .6205E-19     .6270E-19     .6264E-19           .6354E-16
     .2000E+05     .1118E-13     .1024E-13     .7915E-14     .3585E-14     .1539E-14     .7343E-15     .3961E-15     .2341E-15     .1488E-15     .9981E-16     .7006E-16     .5083E-16     .1508E-16     .6393E-17     .3255E-17     .1860E-17     .1151E-17     .7562E-18     .5222E-18     .3759E-18     .2161E-18     .1403E-18     .1015E-18     .8100E-19     .7034E-19     .6597E-19     .6461E-19     .6497E-19     .6628E-19     .6766E-19     .6903E-19     .7000E-19     .6900E-19           .6538E-16
     .1900E+05     .1107E-13     .1017E-13     .7942E-14     .3679E-14     .1605E-14     .7675E-15     .4140E-15     .2454E-15     .1560E-15     .1048E-15     .7358E-16     .5347E-16     .1590E-16     .6752E-17     .3460E-17     .1985E-17     .1233E-17     .8149E-18     .5643E-18     .4058E-18     .2334E-18     .1511E-18     .1086E-18     .8671E-19     .7595E-19     .7132E-19     .7056E-19     .7158E-19     .7349E-19     .7572E-19     .7732E-19     .7824E-19     .8057E-19           .6750E-16
     .1800E+05     .1094E-13     .1009E-13     .7957E-14     .3771E-14     .1670E-14     .8057E-15     .4348E-15     .2578E-15     .1640E-15     .1102E-15     .7747E-16     .5632E-16     .1676E-16     .7152E-17     .3685E-17     .2123E-17     .1326E-17     .8777E-18     .6094E-18     .4406E-18     .2532E-18     .1636E-18     .1172E-18     .9357E-19     .8199E-19     .7762E-19     .7730E-19     .7920E-19     .8191E-19     .8498E-19     .8719E-19     .8877E-19     .8765E-19           .6975E-16
     .1700E+05     .1081E-13     .1000E-13     .7972E-14     .3871E-14     .1739E-14     .8451E-15     .4576E-15     .2715E-15     .1730E-15     .1163E-15     .8164E-16     .5948E-16     .1773E-16     .7599E-17     .3932E-17     .2282E-17     .1430E-17     .9508E-18     .6627E-18     .4791E-18     .2762E-18     .1776E-18     .1267E-18     .1007E-18     .8856E-19     .8454E-19     .8507E-19     .8798E-19     .9190E-19     .9581E-19     .9915E-19     .1014E-18     .1027E-18           .7218E-16
     .1600E+05     .1063E-13     .9884E-14     .7969E-14     .3978E-14     .1816E-14     .8883E-15     .4827E-15     .2868E-15     .1827E-15     .1231E-15     .8649E-16     .6309E-16     .1880E-16     .8097E-17     .4207E-17     .2452E-17     .1548E-17     .1032E-17     .7228E-18     .5236E-18     .3027E-18     .1945E-18     .1383E-18     .1094E-18     .9623E-19     .9250E-19     .9406E-19     .9843E-19     .1040E-18     .1091E-18     .1132E-18     .1162E-18     .1166E-18           .7485E-16
     .1500E+05     .1045E-13     .9755E-14     .7957E-14     .4089E-14     .1903E-14     .9374E-15     .5107E-15     .3038E-15     .1937E-15     .1306E-15     .9178E-16     .6698E-16     .2000E-16     .8644E-17     .4511E-17     .2644E-17     .1676E-17     .1127E-17     .7900E-18     .5765E-18     .3337E-18     .2140E-18     .1509E-18     .1193E-18     .1047E-18     .1014E-18     .1044E-18     .1109E-18     .1181E-18     .1251E-18     .1310E-18     .1350E-18     .1355E-18           .7778E-16
     .1400E+05     .1025E-13     .9608E-14     .7929E-14     .4198E-14     .1997E-14     .9925E-15     .5422E-15     .3230E-15     .2062E-15     .1391E-15     .9781E-16     .7135E-16     .2138E-16     .9244E-17     .4854E-17     .2859E-17     .1825E-17     .1232E-17     .8694E-18     .6367E-18     .3704E-18     .2370E-18     .1663E-18     .1303E-18     .1147E-18     .1117E-18     .1165E-18     .1253E-18     .1356E-18     .1455E-18     .1530E-18     .1578E-18     .1593E-18           .8099E-16
     .1300E+05     .1004E-13     .9448E-14     .7888E-14     .4308E-14     .2097E-14     .1054E-14     .5781E-15     .3448E-15     .2204E-15     .1487E-15     .1048E-15     .7645E-16     .2293E-16     .9945E-17     .5239E-17     .3100E-17     .1989E-17     .1354E-17     .9603E-18     .7062E-18     .4141E-18     .2653E-18     .1849E-18     .1435E-18     .1259E-18     .1235E-18     .1308E-18     .1431E-18     .1569E-18     .1701E-18     .1812E-18     .1873E-18     .1907E-18           .8455E-16
     .1200E+05     .9818E-14     .9280E-14     .7841E-14     .4423E-14     .2205E-14     .1124E-14     .6191E-15     .3698E-15     .2367E-15     .1597E-15     .1127E-15     .8224E-16     .2468E-16     .1074E-16     .5677E-17     .3378E-17     .2182E-17     .1491E-17     .1066E-17     .7884E-18     .4666E-18     .2990E-18     .2076E-18     .1587E-18     .1387E-18     .1370E-18     .1473E-18     .1643E-18     .1837E-18     .2016E-18     .2170E-18     .2264E-18     .2280E-18           .8855E-16
     .1100E+05     .9578E-14     .9092E-14     .7775E-14     .4539E-14     .2326E-14     .1203E-14     .6663E-15     .3990E-15     .2554E-15     .1727E-15     .1219E-15     .8905E-16     .2672E-16     .1165E-16     .6182E-17     .3695E-17     .2396E-17     .1649E-17     .1188E-17     .8856E-18     .5303E-18     .3418E-18     .2355E-18     .1779E-18     .1536E-18     .1525E-18     .1670E-18     .1904E-18     .2177E-18     .2431E-18     .2642E-18     .2775E-18     .2809E-18           .9308E-16
     .1000E+05     .9317E-14     .8883E-14     .7692E-14     .4654E-14     .2457E-14     .1294E-14     .7217E-15     .4332E-15     .2777E-15     .1879E-15     .1326E-15     .9708E-16     .2921E-16     .1273E-16     .6770E-17     .4061E-17     .2647E-17     .1834E-17     .1330E-17     .9998E-18     .6086E-18     .3953E-18     .2709E-18     .2015E-18     .1713E-18     .1701E-18     .1900E-18     .2231E-18     .2614E-18     .2981E-18     .3291E-18     .3488E-18     .3559E-18           .9827E-16
     .9000E+04     .9035E-14     .8650E-14     .7586E-14     .4764E-14     .2602E-14     .1399E-14     .7869E-15     .4739E-15     .3042E-15     .2059E-15     .1455E-15     .1066E-15     .3216E-16     .1402E-16     .7472E-17     .4497E-17     .2945E-17     .2050E-17     .1499E-17     .1135E-17     .7041E-18     .4644E-18     .3182E-18     .2323E-18     .1925E-18     .1903E-18     .2168E-18     .2630E-18     .3181E-18     .3725E-18     .4181E-18     .4484E-18     .4606E-18           .1043E-15
     .8000E+04     .8731E-14     .8395E-14     .7454E-14     .4869E-14     .2760E-14     .1521E-14     .8656E-15     .5236E-15     .3364E-15     .2280E-15     .1613E-15     .1182E-15     .3573E-16     .1560E-16     .8330E-17     .5019E-17     .3291E-17     .2302E-17     .1694E-17     .1296E-17     .8216E-18     .5535E-18     .3816E-18     .2739E-18     .2192E-18     .2128E-18     .2477E-18     .3127E-18     .3946E-18     .4779E-18     .5489E-18     .5963E-18     .6150E-18           .1113E-15
     .7000E+04     .8391E-14     .8103E-14     .7287E-14     .4960E-14     .2932E-14     .1663E-14     .9614E-15     .5850E-15     .3767E-15     .2554E-15     .1809E-15     .1326E-15     .4028E-16     .1761E-16     .9406E-17     .5678E-17     .3728E-17     .2610E-17     .1925E-17     .1485E-17     .9655E-18     .6698E-18     .4717E-18     .3342E-18     .2553E-18     .2380E-18     .2811E-18     .3740E-18     .4988E-18     .6309E-18     .7469E-18     .8258E-18     .8540E-18           .1198E-15
     .6000E+04     .8012E-14     .7771E-14     .7080E-14     .5028E-14     .3114E-14     .1830E-14     .1081E-14     .6631E-15     .4283E-15     .2906E-15     .2059E-15     .1511E-15     .4615E-16     .2019E-16     .1081E-16     .6525E-17     .4286E-17     .2997E-17     .2211E-17     .1710E-17     .1138E-17     .8212E-18     .5993E-18     .4274E-18     .3096E-18     .2672E-18     .3136E-18     .4460E-18     .6421E-18     .8637E-18     .1066E-17     .1207E-17     .1257E-17           .1301E-15
     .5000E+04     .7583E-14     .7387E-14     .6821E-14     .5066E-14     .3303E-14     .2027E-14     .1232E-14     .7669E-15     .4976E-15     .3379E-15     .2393E-15     .1758E-15     .5391E-16     .2368E-16     .1270E-16     .7693E-17     .5055E-17     .3522E-17     .2586E-17     .1991E-17     .1336E-17     .1010E-17     .7833E-18     .5811E-18     .4059E-18     .3072E-18     .3354E-18     .5186E-18     .8378E-18     .1234E-17     .1618E-17     .1894E-17     .1991E-17           .1433E-15
     .4000E+04     .7077E-14     .6927E-14     .6485E-14     .5054E-14     .3494E-14     .2259E-14     .1426E-14     .9083E-15     .5951E-15     .4052E-15     .2869E-15     .2106E-15     .6487E-16     .2856E-16     .1539E-16     .9377E-17     .6187E-17     .4311E-17     .3145E-17     .2384E-17     .1564E-17     .1216E-17     .1031E-17     .8415E-18     .6069E-18     .3937E-18     .3340E-18     .5495E-18     .1081E-17     .1849E-17     .2663E-17     .3285E-17     .3506E-17           .1610E-15
     .3000E+04     .6429E-14     .6323E-14     .6005E-14     .4930E-14     .3650E-14     .2522E-14     .1682E-14     .1112E-14     .7440E-15     .5104E-15     .3618E-15     .2648E-15     .8163E-16     .3612E-16     .1943E-16     .1190E-16     .7942E-17     .5605E-17     .4111E-17     .3097E-17     .1900E-17     .1394E-17     .1268E-17     .1240E-17     .1068E-17     .7006E-18     .3527E-18     .4231E-18     .1256E-17     .2869E-17     .4860E-17     .6503E-17     .7111E-17           .1862E-15
     .2000E+04     .5567E-14     .5502E-14     .5307E-14     .4608E-14     .3692E-14     .2778E-14     .2004E-14     .1412E-14     .9875E-15     .6950E-15     .4978E-15     .3649E-15     .1115E-15     .4990E-16     .2675E-16     .1618E-16     .1073E-16     .7668E-17     .5799E-17     .4557E-17     .2893E-17     .1757E-17     .1222E-17     .1409E-17     .1916E-17     .1947E-17     .1116E-17     .1769E-18     .7739E-18     .4131E-17     .9690E-17     .1499E-16     .1713E-16           .2267E-15
     .1000E+04     .4277E-14     .4250E-14     .4165E-14     .3847E-14     .3384E-14     .2848E-14     .2311E-14     .1821E-14     .1405E-14     .1068E-14     .8067E-15     .6093E-15     .1791E-15     .7936E-16     .4509E-16     .2894E-16     .1971E-16     .1347E-16     .8946E-17     .5995E-17     .4299E-17     .5197E-17     .4132E-17     .1106E-17     .4890E-18     .4146E-17     .7721E-17     .6132E-17     .1404E-17     .2167E-17     .1354E-16     .2939E-16     .3688E-16           .3100E-15
     .8000E+03     .3931E-14     .3910E-14     .3846E-14     .3603E-14     .3239E-14     .2803E-14     .2349E-14     .1913E-14     .1524E-14     .1195E-14     .9266E-15     .7147E-15     .2117E-15     .8807E-16     .4902E-16     .3290E-16     .2443E-16     .1813E-16     .1238E-16     .7448E-17     .3170E-17     .5775E-17     .7343E-17     .3565E-17     .8136E-19     .3252E-17     .9699E-17     .1038E-16     .4068E-17     .9921E-18     .1033E-16     .2698E-16     .3536E-16           .3424E-15
     .6000E+03     .3562E-14     .3548E-14     .3503E-14     .3330E-14     .3064E-14     .2736E-14     .2377E-14     .2016E-14     .1675E-14     .1368E-14     .1103E-14     .8811E-15     .2803E-15     .1052E-15     .5100E-16     .3339E-16     .2844E-16     .2572E-16     .2091E-16     .1385E-16     .2213E-17     .4063E-17     .1144E-16     .1022E-16     .2571E-17     .1423E-17     .9128E-17     .1380E-16     .7847E-17     .4487E-18     .5203E-17     .2010E-16     .2838E-16           .3931E-15
     .4000E+03     .3202E-14     .3193E-14     .3164E-14     .3058E-14     .2890E-14     .2675E-14     .2428E-14     .2164E-14     .1897E-14     .1640E-14     .1401E-14     .1185E-14     .4702E-15     .1785E-15     .6615E-16     .2745E-16     .2282E-16     .3032E-16     .3592E-16     .3346E-16     .1172E-16     .1404E-18     .1015E-16     .1860E-16     .1143E-16     .1543E-17     .2748E-17     .8600E-17     .6771E-17     .1116E-17     .5516E-17     .2028E-16     .2871E-16           .4950E-15
     .3500E+03     .3123E-14     .3115E-14     .3093E-14     .3002E-14     .2859E-14     .2671E-14     .2453E-14     .2217E-14     .1974E-14     .1737E-14     .1511E-14     .1300E-14     .5625E-15     .2255E-15     .8275E-16     .2848E-16     .1885E-16     .2824E-16     .3862E-16     .4037E-16     .1900E-16     .7307E-18     .7332E-17     .1803E-16     .1338E-16     .2537E-17     .9524E-18     .5434E-17     .4600E-17     .1168E-17     .7783E-17     .2414E-16     .3319E-16           .5396E-15
     .3000E+03     .3057E-14     .3051E-14     .3032E-14     .2956E-14     .2835E-14     .2677E-14     .2489E-14     .2283E-14     .2067E-14     .1849E-14     .1639E-14     .1439E-14     .6851E-15     .2963E-15     .1135E-15     .3551E-16     .1537E-16     .2384E-16     .3876E-16     .4626E-16     .2894E-16     .3700E-17     .3576E-17     .1450E-16     .1339E-16     .3686E-17     .1868E-18     .2762E-17     .2228E-17     .9649E-18     .1014E-16     .2827E-16     .3807E-16           .5986E-15
     .2500E+03     .3000E-14     .2996E-14     .2979E-14     .2918E-14     .2820E-14     .2689E-14     .2532E-14     .2356E-14     .2168E-14     .1976E-14     .1785E-14     .1600E-14     .8436E-15     .3996E-15     .1669E-15     .5514E-16     .1615E-16     .1785E-16     .3466E-16     .4815E-16     .4001E-16     .1034E-16     .4681E-18     .7790E-17     .9988E-17     .4192E-17     .1232E-17     .2355E-17     .1164E-17     .5816E-18     .1054E-16     .2884E-16     .3841E-16           .6775E-15
     .2000E+03     .2923E-14     .2918E-14     .2906E-14     .2859E-14     .2783E-14     .2680E-14     .2553E-14     .2411E-14     .2255E-14     .2092E-14     .1925E-14     .1760E-14     .1028E-14     .5382E-15     .2513E-15     .9761E-16     .2985E-16     .1517E-16     .2639E-16     .4241E-16     .4718E-16     .2088E-16     .2226E-17     .1348E-17     .3609E-17     .2794E-17     .3540E-17     .5358E-17     .3301E-17     .6153E-18     .6469E-17     .1988E-16     .2718E-16           .7809E-15
     .1500E+03     .2705E-14     .2702E-14     .2695E-14     .2660E-14     .2605E-14     .2531E-14     .2438E-14     .2331E-14     .2211E-14     .2085E-14     .1952E-14     .1816E-14     .1170E-14     .6792E-15     .3607E-15     .1725E-15     .7317E-16     .3178E-16     .2405E-16     .3085E-16     .4190E-16     .3096E-16     .1530E-16     .6724E-17     .2210E-17     .1986E-18     .2856E-17     .7201E-17     .6919E-17     .2352E-17     .3243E-18     .3293E-17     .5708E-17           .9031E-15
     .1000E+03     .2031E-14     .2030E-14     .2025E-14     .2006E-14     .1974E-14     .1933E-14     .1879E-14     .1818E-14     .1748E-14     .1672E-14     .1590E-14     .1505E-14     .1069E-14     .6986E-15     .4339E-15     .2627E-15     .1576E-15     .9509E-16     .5935E-16     .4013E-16     .2748E-16     .2894E-16     .3273E-16     .3133E-16     .2205E-16     .9839E-17     .2030E-17     .7827E-18     .2800E-17     .5055E-17     .7420E-17     .1005E-16     .1125E-16           .9987E-15
     .5000E+02     .8668E-15     .8664E-15     .8649E-15     .8592E-15     .8500E-15     .8370E-15     .8208E-15     .8015E-15     .7793E-15     .7547E-15     .7280E-15     .6994E-15     .5428E-15     .3926E-15     .2751E-15     .1974E-15     .1527E-15     .1287E-15     .1136E-15     .9969E-16     .6457E-16     .2805E-16     .1140E-16     .2274E-16     .4858E-16     .6420E-16     .5491E-16     .2829E-16     .8950E-17     .1842E-16     .5696E-16     .1007E-15     .1194E-15           .9589E-15
     .4500E+02     .7116E-15     .7113E-15     .7101E-15     .7055E-15     .6977E-15     .6871E-15     .6739E-15     .6579E-15     .6397E-15     .6194E-15     .5974E-15     .5738E-15     .4444E-15     .3199E-15     .2237E-15     .1628E-15     .1317E-15     .1187E-15     .1121E-15     .1039E-15     .7194E-16     .3064E-16     .8656E-17     .1885E-16     .4720E-16     .6539E-16     .5643E-16     .2911E-16     .1148E-16     .2738E-16     .7598E-16     .1289E-15     .1514E-15           .9070E-15
     .4000E+02     .5400E-15     .5397E-15     .5388E-15     .5352E-15     .5292E-15     .5212E-15     .5109E-15     .4985E-15     .4845E-15     .4688E-15     .4518E-15     .4336E-15     .3334E-15     .2380E-15     .1660E-15     .1239E-15     .1070E-15     .1048E-15     .1063E-15     .1035E-15     .7538E-16     .3203E-16     .6588E-17     .1518E-16     .4320E-16     .6142E-16     .5219E-16     .2638E-16     .1402E-16     .3964E-16     .9930E-16     .1618E-15     .1888E-15           .8231E-15
     .3500E+02     .3637E-15     .3634E-15     .3628E-15     .3603E-15     .3562E-15     .3506E-15     .3434E-15     .3348E-15     .3251E-15     .3142E-15     .3023E-15     .2896E-15     .2204E-15     .1554E-15     .1088E-15     .8527E-16     .8088E-16     .8692E-16     .9399E-16     .9511E-16     .7140E-16     .3026E-16     .5097E-17     .1200E-16     .3659E-16     .5134E-16     .4169E-16     .2006E-16     .1670E-16     .5350E-16     .1243E-15     .1937E-15     .2222E-15           .7031E-15
     .3000E+02     .2073E-15     .2073E-15     .2068E-15     .2053E-15     .2030E-15     .1995E-15     .1952E-15     .1901E-15     .1843E-15     .1777E-15     .1707E-15     .1631E-15     .1225E-15     .8555E-16     .6129E-16     .5242E-16     .5598E-16     .6552E-16     .7405E-16     .7639E-16     .5769E-16     .2405E-16     .3893E-17     .9717E-17     .2824E-16     .3703E-16     .2692E-16     .1197E-16     .1955E-16     .6673E-16     .1441E-15     .2159E-15     .2447E-15           .5550E-15
     .2500E+02     .9624E-16     .9618E-16     .9600E-16     .9527E-16     .9408E-16     .9242E-16     .9037E-16     .8789E-16     .8509E-16     .8196E-16     .7859E-16     .7499E-16     .5582E-16     .3926E-16     .2984E-16     .2877E-16     .3406E-16     .4186E-16     .4797E-16     .4939E-16     .3615E-16     .1423E-16     .3026E-17     .8734E-17     .2043E-16     .2261E-16     .1270E-16     .5467E-17     .2296E-16     .7613E-16     .1524E-15     .2213E-15     .2495E-15           .4035E-15
     .2000E+02     .3791E-16     .3789E-16     .3782E-16     .3755E-16     .3709E-16     .3647E-16     .3568E-16     .3476E-16     .3369E-16     .3251E-16     .3124E-16     .2988E-16     .2274E-16     .1672E-16     .1359E-16     .1371E-16     .1618E-16     .1931E-16     .2137E-16     .2115E-16     .1391E-16     .5007E-17     .3609E-17     .9778E-17     .1533E-16     .1253E-16     .3899E-17     .3454E-17     .2696E-16     .7979E-16     .1491E-15     .2079E-15     .2305E-15           .2835E-15
     .1500E+02     .1903E-16     .1903E-16     .1900E-16     .1891E-16     .1874E-16     .1854E-16     .1827E-16     .1794E-16     .1757E-16     .1715E-16     .1669E-16     .1619E-16     .1342E-16     .1065E-16     .8378E-17     .6813E-17     .5832E-17     .5145E-17     .4465E-17     .3667E-17     .2355E-17     .3771E-17     .8941E-17     .1430E-16     .1461E-16     .8501E-17     .1825E-17     .6174E-17     .3169E-16     .7879E-16     .1360E-15     .1837E-15     .2024E-15           .2363E-15
     .1000E+02     .2920E-16     .2918E-16     .2918E-16     .2914E-16     .2906E-16     .2896E-16     .2884E-16     .2869E-16     .2851E-16     .2830E-16     .2808E-16     .2783E-16     .2630E-16     .2446E-16     .2253E-16     .2070E-16     .1919E-16     .1813E-16     .1764E-16     .1782E-16     .2018E-16     .2434E-16     .2774E-16     .2678E-16     .1970E-16     .9380E-17     .3112E-17     .9399E-17     .3360E-16     .7369E-16     .1189E-15     .1542E-15     .1675E-15           .3407E-15
     .5000E+01     .1054E-15     .1054E-15     .1054E-15     .1054E-15     .1054E-15     .1054E-15     .1054E-15     .1055E-15     .1055E-15     .1055E-15     .1056E-15     .1057E-15     .1060E-15     .1066E-15     .1074E-15     .1084E-15     .1096E-15     .1109E-15     .1121E-15     .1129E-15     .1124E-15     .1066E-15     .9317E-16     .7185E-16     .4578E-16     .2131E-16     .6299E-17     .7140E-17     .2568E-16     .5763E-16     .9345E-16     .1214E-15     .1319E-15           .8842E-15